217 3268
0 1
0 2
0 4
0 8
0 9
0 11
0 13
0 16
0 17
0 30
0 33
0 35
0 36
0 42
0 47
0 50
0 51
0 52
0 53
0 54
0 55
0 56
0 57
0 58
1 2
1 3
1 4
1 7
1 8
1 9
1 10
1 11
1 12
1 13
1 14
1 15
1 16
1 17
1 18
1 19
1 20
1 21
1 22
1 23
1 24
1 25
1 27
1 28
1 29
1 30
1 32
1 33
1 34
1 35
1 36
1 37
1 38
1 39
1 40
1 41
1 42
1 43
1 46
1 47
1 48
1 49
1 50
1 51
1 52
1 53
1 54
1 55
1 57
1 62
1 64
1 69
1 80
1 95
1 97
1 98
1 99
1 100
1 101
1 103
1 104
1 105
1 106
1 107
1 108
1 111
1 112
1 115
1 116
1 117
1 118
1 120
1 122
1 124
1 127
1 128
1 137
1 162
1 164
1 165
1 197
2 3
2 4
2 5
2 8
2 9
2 10
2 11
2 12
2 13
2 14
2 16
2 17
2 18
2 19
2 20
2 21
2 22
2 23
2 24
2 25
2 27
2 28
2 29
2 30
2 31
2 33
2 35
2 36
2 37
2 38
2 39
2 41
2 42
2 43
2 44
2 45
2 46
2 47
2 48
2 49
2 50
2 51
2 52
2 53
2 54
2 55
2 56
2 57
2 59
2 60
2 62
2 63
2 64
2 65
2 66
2 69
2 80
2 95
2 96
2 97
2 98
2 99
2 100
2 101
2 103
2 104
2 105
2 106
2 107
2 108
2 110
2 111
2 112
2 113
2 114
2 115
2 116
2 117
2 118
2 119
2 120
2 121
2 122
2 123
2 126
2 127
2 128
2 129
2 131
2 135
2 136
2 137
2 154
2 158
2 162
2 164
2 175
2 202
3 6
3 7
3 8
3 11
3 13
3 14
3 15
3 16
3 17
3 18
3 19
3 20
3 25
3 26
3 27
3 29
3 31
3 32
3 33
3 34
3 35
3 37
3 38
3 39
3 40
3 41
3 43
3 44
3 46
3 47
3 48
3 49
3 50
3 51
3 52
3 54
3 55
3 56
3 57
3 69
3 80
3 95
3 99
3 100
3 101
3 102
3 103
3 104
3 105
3 107
3 108
3 111
3 112
3 114
3 115
3 116
3 118
3 121
3 122
3 124
3 126
3 128
3 129
3 130
3 131
3 136
4 5
4 7
4 8
4 9
4 10
4 11
4 15
4 16
4 17
4 20
4 21
4 25
4 27
4 28
4 30
4 32
4 33
4 34
4 35
4 36
4 37
4 38
4 39
4 41
4 43
4 44
4 45
4 46
4 47
4 49
4 50
4 51
4 53
4 54
4 55
4 56
4 57
4 59
4 60
4 61
4 63
4 65
4 67
4 69
4 70
4 80
4 85
4 87
4 91
4 92
4 93
4 94
4 97
4 98
4 101
4 103
4 104
4 105
4 106
4 107
4 108
4 110
4 111
4 112
4 115
4 116
4 117
4 118
4 119
4 120
4 122
4 123
4 127
4 128
4 129
4 130
4 137
4 138
4 139
4 140
4 142
4 146
4 147
4 148
4 150
4 151
4 152
4 154
4 155
4 156
4 157
4 164
4 175
4 176
4 196
4 197
4 202
5 8
5 11
5 13
5 16
5 17
5 20
5 25
5 27
5 30
5 32
5 33
5 35
5 36
5 37
5 38
5 42
5 43
5 45
5 46
5 47
5 50
5 51
5 53
5 54
5 55
5 56
5 57
5 60
5 64
5 88
5 98
5 99
5 101
5 104
5 105
5 106
5 107
5 110
5 116
5 117
5 119
5 120
5 122
5 123
5 137
5 164
5 202
5 204
6 7
6 15
6 16
6 20
6 21
6 22
6 23
6 28
6 29
6 31
6 32
6 33
6 34
6 37
6 39
6 41
6 51
6 101
6 103
6 116
6 131
6 135
6 136
7 8
7 10
7 11
7 12
7 13
7 14
7 16
7 17
7 18
7 19
7 20
7 21
7 22
7 23
7 24
7 25
7 26
7 27
7 28
7 29
7 30
7 31
7 33
7 35
7 36
7 37
7 38
7 39
7 40
7 41
7 42
7 43
7 46
7 47
7 48
7 49
7 50
7 51
7 52
7 55
7 56
7 57
7 60
7 63
7 64
7 65
7 69
7 97
7 101
7 103
7 104
7 105
7 108
7 112
7 115
7 116
7 118
7 122
7 124
7 126
7 127
7 129
7 130
7 131
7 135
7 136
7 137
8 9
8 10
8 11
8 12
8 13
8 16
8 17
8 20
8 21
8 22
8 25
8 27
8 28
8 30
8 32
8 33
8 35
8 36
8 37
8 38
8 39
8 41
8 42
8 43
8 44
8 45
8 46
8 47
8 48
8 49
8 50
8 51
8 53
8 54
8 55
8 56
8 57
8 60
8 62
8 64
8 66
8 68
8 95
8 97
8 98
8 99
8 101
8 102
8 104
8 105
8 106
8 107
8 108
8 110
8 115
8 116
8 117
8 119
8 120
8 123
8 126
8 137
8 164
8 165
8 175
8 177
9 10
9 13
9 16
9 17
9 20
9 25
9 28
9 30
9 33
9 35
9 36
9 37
9 38
9 39
9 42
9 47
9 49
9 53
9 55
9 56
9 57
9 58
9 62
9 64
9 101
9 108
9 110
9 116
9 117
9 118
9 120
9 127
9 137
10 12
10 13
10 14
10 16
10 17
10 18
10 19
10 20
10 25
10 30
10 32
10 33
10 36
10 37
10 38
10 39
10 41
10 42
10 46
10 47
10 48
10 51
10 53
10 55
10 56
10 57
10 62
10 64
10 95
10 97
10 101
10 103
10 116
10 126
10 127
10 165
10 208
11 13
11 15
11 16
11 17
11 18
11 20
11 21
11 22
11 23
11 25
11 28
11 30
11 33
11 35
11 36
11 37
11 38
11 41
11 42
11 43
11 45
11 46
11 47
11 48
11 49
11 50
11 51
11 53
11 54
11 55
11 56
11 57
11 97
11 99
11 103
11 104
11 105
11 106
11 107
11 108
11 110
11 112
11 117
11 119
11 120
11 123
11 131
11 164
11 175
12 15
12 16
12 21
12 23
12 25
12 33
12 35
12 36
12 37
12 38
12 43
12 47
12 49
12 50
12 51
12 53
12 56
12 97
12 101
12 104
12 106
12 110
12 117
13 15
13 16
13 17
13 18
13 20
13 21
13 22
13 23
13 25
13 27
13 28
13 30
13 32
13 33
13 34
13 35
13 36
13 37
13 38
13 39
13 41
13 43
13 44
13 45
13 46
13 47
13 48
13 49
13 50
13 51
13 52
13 53
13 54
13 55
13 56
13 57
13 60
13 61
13 63
13 65
13 69
13 80
13 87
13 95
13 97
13 98
13 99
13 100
13 101
13 103
13 104
13 105
13 106
13 107
13 108
13 110
13 111
13 112
13 115
13 116
13 117
13 118
13 119
13 120
13 121
13 122
13 123
13 126
13 127
13 128
13 137
13 154
13 155
13 156
13 157
13 164
13 175
13 196
14 15
14 16
14 19
14 20
14 21
14 29
14 30
14 31
14 32
14 34
14 37
14 51
14 57
14 101
14 103
14 116
14 118
14 122
14 126
14 127
14 162
15 16
15 17
15 18
15 19
15 20
15 21
15 22
15 23
15 24
15 25
15 26
15 27
15 28
15 29
15 30
15 31
15 33
15 35
15 37
15 38
15 39
15 40
15 41
15 42
15 43
15 46
15 47
15 49
15 50
15 51
15 54
15 56
15 60
15 63
15 64
15 68
15 69
15 97
15 99
15 101
15 102
15 103
15 104
15 105
15 108
15 112
15 114
15 115
15 116
15 118
15 122
15 126
15 127
15 128
15 129
15 130
15 131
15 135
15 136
15 158
16 17
16 18
16 19
16 20
16 21
16 22
16 23
16 24
16 25
16 26
16 27
16 28
16 29
16 30
16 31
16 32
16 33
16 34
16 35
16 36
16 37
16 38
16 39
16 40
16 41
16 42
16 43
16 44
16 45
16 46
16 47
16 48
16 49
16 50
16 51
16 52
16 53
16 54
16 55
16 56
16 57
16 60
16 62
16 64
16 65
16 66
16 68
16 69
16 70
16 71
16 73
16 74
16 80
16 81
16 87
16 91
16 92
16 93
16 94
16 95
16 96
16 97
16 98
16 99
16 100
16 101
16 102
16 103
16 104
16 105
16 106
16 107
16 108
16 109
16 110
16 111
16 112
16 113
16 114
16 115
16 116
16 117
16 118
16 119
16 120
16 121
16 122
16 123
16 124
16 126
16 127
16 128
16 129
16 131
16 133
16 134
16 137
16 138
16 139
16 140
16 142
16 145
16 146
16 147
16 148
16 149
16 150
16 151
16 152
16 154
16 160
16 162
16 164
16 165
16 175
16 176
16 177
16 183
16 197
16 202
16 204
16 214
17 18
17 19
17 20
17 21
17 22
17 23
17 25
17 27
17 28
17 29
17 30
17 31
17 32
17 33
17 34
17 35
17 36
17 37
17 38
17 39
17 40
17 41
17 42
17 43
17 47
17 50
17 51
17 53
17 54
17 55
17 56
17 57
17 60
17 62
17 64
17 95
17 97
17 98
17 99
17 101
17 103
17 104
17 105
17 106
17 110
17 112
17 115
17 116
17 117
17 118
17 122
17 127
17 128
17 129
17 131
17 137
17 164
17 165
17 197
18 21
18 22
18 23
18 25
18 28
18 30
18 32
18 33
18 35
18 36
18 38
18 43
18 46
18 47
18 48
18 49
18 53
18 55
18 57
18 95
18 97
18 104
18 106
18 107
18 108
19 21
19 22
19 23
19 25
19 27
19 28
19 30
19 32
19 33
19 34
19 35
19 38
19 40
19 41
19 47
19 50
19 51
19 101
19 103
19 112
19 116
19 126
19 129
19 158
19 168
19 170
20 21
20 22
20 23
20 25
20 27
20 28
20 30
20 31
20 32
20 33
20 34
20 35
20 36
20 38
20 39
20 40
20 41
20 42
20 43
20 44
20 47
20 50
20 51
20 53
20 54
20 55
20 56
20 57
20 59
20 60
20 62
20 63
20 64
20 65
20 66
20 69
20 80
20 85
20 87
20 97
20 98
20 99
20 100
20 101
20 103
20 104
20 105
20 106
20 110
20 111
20 116
20 117
20 120
20 121
20 123
20 126
20 131
20 137
20 161
21 24
21 25
21 26
21 27
21 29
21 31
21 32
21 33
21 34
21 35
21 36
21 37
21 38
21 39
21 40
21 41
21 42
21 43
21 44
21 46
21 47
21 48
21 49
21 50
21 51
21 52
21 54
21 55
21 57
21 64
21 69
21 80
21 96
21 97
21 99
21 100
21 101
21 103
21 104
21 105
21 107
21 108
21 111
21 112
21 113
21 114
21 115
21 116
21 117
21 118
21 121
21 122
21 124
21 126
21 128
21 129
21 130
21 131
21 135
21 136
21 164
22 25
22 26
22 27
22 29
22 31
22 32
22 33
22 34
22 35
22 37
22 38
22 39
22 40
22 41
22 43
22 44
22 46
22 47
22 48
22 49
22 50
22 51
22 55
22 57
22 64
22 69
22 80
22 95
22 97
22 99
22 100
22 101
22 103
22 104
22 105
22 107
22 108
22 111
22 112
22 114
22 115
22 116
22 117
22 121
22 122
22 126
22 128
22 129
22 131
22 136
23 24
23 25
23 26
23 27
23 29
23 31
23 32
23 33
23 34
23 35
23 36
23 37
23 38
23 39
23 40
23 41
23 43
23 46
23 47
23 48
23 50
23 51
23 54
23 59
23 63
23 65
23 68
23 69
23 80
23 83
23 85
23 97
23 99
23 100
23 101
23 102
23 103
23 104
23 105
23 107
23 108
23 111
23 112
23 114
23 115
23 116
23 117
23 118
23 121
23 122
23 124
23 126
23 127
23 128
23 129
23 130
23 131
23 135
23 136
23 158
23 162
24 27
24 28
24 29
24 31
24 32
24 34
24 35
24 39
24 40
24 43
24 51
24 59
24 63
24 65
24 69
24 80
24 85
24 97
24 101
24 103
24 111
24 114
24 115
24 116
24 122
24 126
24 130
24 161
25 27
25 28
25 29
25 30
25 31
25 32
25 33
25 34
25 35
25 36
25 37
25 38
25 39
25 40
25 41
25 42
25 43
25 44
25 45
25 46
25 47
25 48
25 49
25 50
25 51
25 53
25 54
25 55
25 56
25 57
25 60
25 62
25 63
25 64
25 65
25 66
25 68
25 69
25 71
25 80
25 87
25 91
25 92
25 94
25 97
25 98
25 99
25 100
25 102
25 103
25 104
25 105
25 106
25 107
25 108
25 110
25 111
25 112
25 114
25 115
25 116
25 117
25 118
25 119
25 120
25 121
25 122
25 123
25 124
25 126
25 127
25 128
25 129
25 131
25 137
25 139
25 150
25 151
25 152
25 154
25 164
25 165
25 175
25 176
25 202
25 204
25 214
26 28
26 31
26 32
26 33
26 34
26 38
26 39
26 41
26 48
26 51
26 68
26 112
26 131
26 135
26 136
27 28
27 30
27 32
27 33
27 34
27 35
27 37
27 38
27 41
27 42
27 43
27 46
27 47
27 50
27 51
27 64
27 80
27 97
27 98
27 101
27 102
27 103
27 105
27 106
27 107
27 108
27 111
27 112
27 115
27 116
27 118
27 122
27 126
27 127
27 128
27 129
27 131
28 29
28 31
28 32
28 33
28 34
28 35
28 36
28 37
28 38
28 39
28 40
28 41
28 42
28 43
28 44
28 46
28 47
28 48
28 49
28 50
28 51
28 52
28 54
28 55
28 56
28 57
28 64
28 68
28 69
28 80
28 95
28 96
28 97
28 99
28 100
28 101
28 102
28 103
28 104
28 105
28 107
28 108
28 111
28 112
28 113
28 114
28 115
28 116
28 117
28 120
28 121
28 122
28 124
28 126
28 128
28 129
28 131
28 135
28 136
28 164
28 175
29 30
29 31
29 32
29 33
29 34
29 35
29 36
29 39
29 40
29 41
29 47
29 50
29 51
29 101
29 103
29 112
29 115
29 116
29 126
29 129
29 158
29 168
30 32
30 33
30 35
30 36
30 37
30 38
30 39
30 41
30 42
30 43
30 45
30 47
30 50
30 51
30 53
30 54
30 55
30 56
30 57
30 59
30 60
30 62
30 63
30 64
30 65
30 68
30 69
30 80
30 85
30 87
30 95
30 97
30 98
30 101
30 103
30 104
30 105
30 106
30 107
30 108
30 110
30 111
30 112
30 115
30 116
30 117
30 118
30 119
30 120
30 122
30 123
30 126
30 127
30 128
30 129
30 137
30 139
30 158
30 164
30 165
30 202
31 32
31 34
31 35
31 37
31 38
31 39
31 40
31 41
31 46
31 47
31 50
31 55
31 57
31 69
31 101
31 103
31 112
31 116
31 118
31 122
31 126
31 127
31 129
31 131
31 162
32 33
32 35
32 36
32 37
32 38
32 39
32 40
32 41
32 42
32 43
32 46
32 47
32 50
32 51
32 53
32 54
32 55
32 56
32 57
32 62
32 64
32 65
32 68
32 69
32 80
32 97
32 101
32 102
32 103
32 104
32 105
32 107
32 111
32 112
32 116
32 118
32 122
32 126
32 127
32 128
32 129
32 131
32 135
32 136
32 137
32 158
32 202
33 34
33 35
33 36
33 37
33 38
33 39
33 40
33 41
33 42
33 43
33 44
33 45
33 46
33 47
33 48
33 49
33 51
33 52
33 53
33 54
33 55
33 56
33 57
33 60
33 62
33 64
33 66
33 68
33 80
33 97
33 98
33 99
33 103
33 104
33 105
33 106
33 107
33 108
33 110
33 111
33 112
33 115
33 116
33 117
33 118
33 119
33 120
33 121
33 123
33 125
33 126
33 127
33 128
33 131
33 137
33 154
33 164
33 175
33 197
33 202
34 35
34 37
34 38
34 39
34 40
34 41
34 42
34 43
34 46
34 47
34 50
34 51
34 56
34 101
34 103
34 104
34 112
34 115
34 116
34 122
34 127
34 131
34 135
34 136
35 36
35 37
35 38
35 40
35 41
35 42
35 43
35 44
35 45
35 46
35 47
35 48
35 49
35 50
35 51
35 52
35 53
35 54
35 55
35 56
35 57
35 60
35 62
35 64
35 65
35 66
35 68
35 69
35 80
35 87
35 95
35 97
35 98
35 99
35 100
35 101
35 102
35 103
35 104
35 105
35 106
35 107
35 109
35 110
35 111
35 112
35 113
35 114
35 115
35 116
35 117
35 118
35 119
35 120
35 122
35 124
35 125
35 126
35 127
35 128
35 130
35 137
35 162
35 164
35 197
36 37
36 38
36 39
36 41
36 42
36 43
36 44
36 45
36 46
36 47
36 48
36 49
36 50
36 51
36 52
36 53
36 54
36 55
36 56
36 57
36 60
36 62
36 63
36 64
36 65
36 66
36 68
36 69
36 70
36 71
36 73
36 76
36 77
36 80
36 81
36 85
36 87
36 91
36 92
36 93
36 94
36 95
36 97
36 98
36 99
36 100
36 101
36 102
36 104
36 105
36 106
36 107
36 108
36 110
36 111
36 112
36 115
36 116
36 117
36 118
36 120
36 123
36 124
36 125
36 128
36 137
36 138
36 139
36 140
36 142
36 145
36 146
36 147
36 148
36 149
36 150
36 151
36 152
36 154
36 160
36 164
36 175
36 176
36 177
36 204
36 214
37 38
37 39
37 40
37 41
37 42
37 43
37 44
37 47
37 50
37 51
37 53
37 54
37 55
37 56
37 57
37 59
37 60
37 62
37 63
37 64
37 65
37 66
37 69
37 80
37 85
37 97
37 98
37 99
37 101
37 103
37 104
37 105
37 106
37 107
37 110
37 111
37 116
37 117
37 118
37 120
37 121
37 122
37 123
37 126
37 127
37 128
37 130
37 131
37 137
37 161
37 164
37 202
38 39
38 40
38 41
38 42
38 43
38 45
38 46
38 47
38 48
38 49
38 50
38 51
38 52
38 53
38 54
38 55
38 56
38 57
38 62
38 64
38 66
38 87
38 95
38 97
38 99
38 102
38 103
38 104
38 105
38 106
38 107
38 108
38 112
38 115
38 116
38 117
38 118
38 119
38 120
38 121
38 123
38 125
38 126
38 127
38 128
38 131
38 164
38 175
38 197
38 202
39 40
39 42
39 47
39 51
39 55
39 57
39 101
39 103
39 112
39 116
39 118
39 122
39 126
39 127
39 131
39 137
39 162
40 41
40 46
40 48
40 51
40 57
40 59
40 63
40 67
40 68
40 83
40 102
40 103
40 104
40 112
40 122
40 128
40 131
40 135
40 136
41 42
41 46
41 47
41 48
41 50
41 51
41 55
41 57
41 69
41 95
41 97
41 101
41 103
41 104
41 115
41 116
41 120
41 122
41 124
41 127
41 131
41 135
41 164
42 43
42 44
42 45
42 46
42 47
42 48
42 49
42 50
42 51
42 53
42 54
42 55
42 56
42 57
42 59
42 60
42 61
42 63
42 65
42 69
42 82
42 87
42 89
42 91
42 97
42 98
42 99
42 100
42 101
42 102
42 103
42 104
42 105
42 106
42 107
42 108
42 109
42 110
42 111
42 112
42 115
42 116
42 117
42 118
42 119
42 120
42 121
42 122
42 123
42 126
42 128
42 137
42 154
42 156
42 157
42 160
42 164
42 175
42 196
42 197
43 44
43 45
43 46
43 47
43 48
43 49
43 50
43 51
43 53
43 54
43 56
43 62
43 64
43 66
43 68
43 69
43 80
43 95
43 97
43 98
43 99
43 100
43 102
43 105
43 106
43 107
43 108
43 109
43 110
43 111
43 112
43 113
43 114
43 115
43 117
43 118
43 119
43 120
43 122
43 123
43 124
43 126
43 128
43 137
43 139
43 144
43 164
43 202
44 45
44 46
44 47
44 48
44 49
44 55
44 57
44 68
44 80
44 92
44 97
44 99
44 102
44 104
44 105
44 107
44 108
44 109
44 110
44 111
44 112
44 117
44 120
44 123
44 124
44 128
44 137
44 139
44 150
44 151
44 154
44 175
45 46
45 47
45 48
45 49
45 53
45 54
45 55
45 57
45 60
45 64
45 68
45 80
45 92
45 97
45 99
45 104
45 105
45 106
45 107
45 109
45 111
45 117
45 119
45 120
45 123
45 124
45 128
45 139
45 150
45 151
45 152
45 175
45 176
45 204
46 47
46 48
46 49
46 51
46 53
46 54
46 55
46 56
46 57
46 60
46 64
46 66
46 68
46 80
46 95
46 97
46 98
46 99
46 100
46 103
46 104
46 105
46 106
46 107
46 108
46 109
46 110
46 111
46 112
46 114
46 115
46 117
46 118
46 119
46 120
46 122
46 123
46 124
46 128
46 131
46 137
46 154
46 175
47 48
47 49
47 50
47 52
47 53
47 54
47 55
47 56
47 57
47 60
47 62
47 64
47 66
47 68
47 69
47 80
47 95
47 97
47 98
47 99
47 100
47 103
47 104
47 105
47 106
47 107
47 108
47 110
47 111
47 112
47 114
47 115
47 117
47 118
47 120
47 121
47 123
47 124
47 127
47 128
47 130
47 137
47 139
47 145
47 154
47 160
47 164
47 165
47 175
47 183
47 197
47 202
47 204
47 214
48 49
48 50
48 55
48 56
48 67
48 68
48 95
48 97
48 98
48 99
48 100
48 102
48 104
48 105
48 106
48 107
48 108
48 112
48 114
48 115
48 118
48 119
48 120
48 123
48 124
48 128
48 164
48 175
49 50
49 53
49 54
49 55
49 56
49 57
49 60
49 62
49 64
49 95
49 97
49 98
49 99
49 100
49 102
49 104
49 105
49 106
49 107
49 108
49 110
49 112
49 114
49 115
49 117
49 119
49 123
49 128
49 164
49 175
49 202
50 54
50 56
50 64
50 97
50 98
50 100
50 102
50 106
50 107
50 108
50 115
50 117
50 119
50 121
50 122
50 128
50 197
51 52
51 54
51 56
51 64
51 97
51 98
51 115
51 126
51 128
51 162
51 165
52 53
52 106
53 54
53 55
53 56
53 57
53 60
53 64
53 68
53 87
53 95
53 97
53 99
53 104
53 105
53 106
53 107
53 108
53 110
53 117
53 119
53 120
53 123
53 128
53 137
53 154
53 175
53 197
53 202
54 55
54 57
54 64
54 99
54 100
54 102
54 106
54 107
54 108
54 109
54 110
54 117
54 119
54 120
54 123
54 128
54 175
54 202
55 56
55 60
55 62
55 64
55 66
55 68
55 95
55 96
55 97
55 99
55 104
55 106
55 107
55 108
55 110
55 112
55 115
55 117
55 118
55 120
55 123
55 124
55 128
55 131
55 137
55 154
55 164
55 165
55 175
55 214
56 57
56 60
56 62
56 64
56 66
56 68
56 97
56 98
56 99
56 100
56 105
56 106
56 107
56 108
56 110
56 117
56 119
56 120
56 123
56 137
56 175
56 202
57 60
57 64
57 95
57 96
57 97
57 99
57 104
57 106
57 107
57 110
57 112
57 117
57 118
57 120
57 123
57 128
57 131
57 137
57 154
57 175
59 62
59 67
59 68
59 82
59 83
59 87
59 88
59 102
59 125
59 129
59 158
59 159
59 160
59 161
59 162
59 163
60 61
60 64
60 66
60 97
60 99
60 104
60 106
60 107
60 110
60 115
60 117
60 120
60 123
60 128
60 154
60 155
60 156
60 157
60 175
60 177
60 196
61 62
61 64
61 66
61 155
61 156
61 157
61 196
62 63
62 65
62 69
62 97
62 101
62 108
62 110
63 66
63 67
63 68
63 82
63 83
63 84
63 87
63 88
63 97
63 104
63 111
63 122
63 125
63 129
63 145
63 158
63 160
63 161
63 162
63 163
64 65
64 69
64 80
64 97
64 98
64 101
64 104
64 106
64 107
64 108
64 110
64 115
64 116
64 117
64 119
64 120
64 123
64 128
64 164
64 175
64 202
65 66
65 67
65 80
65 84
65 87
65 88
65 97
65 100
65 104
65 120
65 122
65 125
65 129
65 160
65 161
65 162
66 69
66 97
66 104
66 107
66 108
66 120
66 128
66 155
66 156
66 157
66 196
67 68
67 69
67 84
67 85
67 99
67 104
67 115
67 131
67 161
67 172
67 195
68 82
68 83
68 85
68 97
68 102
68 105
68 107
68 128
68 129
68 130
68 143
68 163
69 80
69 97
69 100
69 104
69 111
69 114
69 122
69 125
69 145
69 160
69 161
69 162
70 71
70 72
70 73
70 74
70 76
70 77
70 79
70 90
70 91
70 133
70 138
70 140
70 142
70 146
70 147
70 148
70 150
70 153
70 176
71 73
71 74
71 75
71 76
71 77
71 90
71 91
71 92
71 93
71 94
71 120
71 132
71 133
71 138
71 140
71 142
71 146
71 147
71 148
71 149
71 150
71 151
71 152
71 153
71 176
72 73
72 74
72 92
72 93
72 94
72 133
72 138
72 140
72 142
72 147
72 148
72 151
72 152
72 153
72 176
73 77
73 79
73 132
73 134
73 140
74 77
74 79
74 132
74 134
74 140
75 133
75 134
75 140
75 147
76 77
76 93
76 94
76 132
76 133
76 134
76 140
76 147
76 150
76 152
76 153
76 176
77 132
77 133
77 134
77 138
77 140
77 142
77 146
77 147
77 148
77 150
77 151
77 153
78 91
78 93
78 94
78 132
78 133
78 146
78 147
78 148
78 149
79 92
79 93
79 132
79 133
79 138
79 140
79 142
79 147
79 148
79 149
79 150
79 151
79 153
79 176
80 92
80 97
80 98
80 100
80 103
80 105
80 107
80 108
80 110
80 115
80 117
80 120
80 122
80 124
80 128
80 151
80 162
80 176
81 83
81 84
81 88
81 183
81 184
81 185
82 83
82 87
82 88
82 89
82 102
82 143
82 183
83 85
83 86
83 88
83 89
83 102
83 143
84 86
84 87
84 88
84 211
85 88
85 129
85 158
85 159
85 161
85 162
86 88
87 88
87 102
87 107
87 118
87 202
88 183
88 185
88 215
89 184
90 93
90 140
90 147
90 149
90 152
91 132
92 120
92 132
92 134
93 132
93 134
94 110
95 106
95 108
95 112
95 127
95 128
96 128
97 98
97 99
97 100
97 102
97 104
97 105
97 106
97 107
97 108
97 110
97 111
97 112
97 114
97 115
97 117
97 122
97 124
97 125
97 128
97 137
97 145
97 177
98 104
98 106
98 107
98 108
98 115
98 116
98 118
98 128
98 204
99 104
99 106
99 107
99 108
99 110
99 117
99 120
99 123
99 131
99 154
99 175
100 108
100 109
100 111
100 112
100 113
100 114
100 122
100 128
100 144
100 145
101 118
101 126
101 165
101 197
102 105
102 107
102 108
102 112
102 117
102 143
102 183
103 111
103 112
103 115
103 118
103 121
103 122
103 126
103 128
103 129
103 131
103 165
103 197
104 106
104 107
104 110
104 115
104 117
104 120
104 123
104 124
104 125
104 137
104 154
104 164
104 177
105 107
105 108
105 111
105 112
105 114
105 117
105 119
105 128
106 107
106 108
106 110
106 119
106 120
106 123
106 124
106 128
106 154
106 175
106 204
107 108
107 109
107 110
107 112
107 115
107 117
107 119
107 120
107 123
107 124
107 128
107 137
107 164
107 175
107 202
107 204
108 112
108 114
108 115
108 119
108 120
108 122
108 128
109 114
109 128
110 111
110 117
110 119
110 120
110 123
110 124
110 128
111 115
111 117
111 120
111 122
111 124
111 128
111 162
111 176
112 114
112 118
112 122
112 126
112 128
112 129
113 114
113 128
114 117
114 122
114 126
114 128
115 116
115 117
115 118
115 120
115 124
115 125
115 128
115 162
115 177
116 165
117 118
117 120
117 123
117 127
117 128
117 164
118 126
118 127
118 128
118 131
119 123
119 128
119 175
120 122
120 123
120 128
120 137
120 139
120 150
120 154
120 164
120 175
120 176
121 122
121 126
121 128
122 126
122 128
122 162
123 137
123 154
123 175
124 137
126 129
126 131
126 162
126 167
126 168
126 170
126 171
126 172
127 165
127 197
128 202
129 168
129 170
130 145
130 159
130 160
130 162
132 133
132 138
132 140
132 142
132 146
132 147
132 148
132 149
132 150
132 151
132 152
132 153
133 134
133 140
133 153
134 138
134 140
134 142
134 148
134 150
134 153
134 176
138 140
138 147
138 150
141 181
141 206
142 153
145 160
145 210
146 153
154 175
155 156
155 157
156 157
158 166
158 167
158 168
158 169
158 170
158 171
158 172
163 208
164 175
166 172
167 168
168 170
168 172
173 174
174 179
174 182
174 203
174 213
178 179
178 180
178 181
179 180
179 203
179 205
179 206
180 181
180 203
180 213
181 207
181 213
182 205
182 206
183 208
186 187
186 191
186 193
186 194
186 199
187 190
187 191
187 193
187 201
188 189
188 193
188 194
188 199
188 200
188 212
189 190
189 193
189 201
190 193
190 194
190 199
190 200
191 194
191 198
191 199
191 200
192 194
193 194
193 198
193 199
193 212
193 216
194 200
194 212
198 200
198 201
199 200
200 201
201 216
205 206
205 207
208 209
